[Player]
Dead_ani = Idle, 2,3,4,5,6,7,8:10,10,20,20,10,10,10,10 -2
Jump = 



1) Zakladamy 20 klastek, wysokosc pliku szerokosc/20 
2,7